       0        0       0       0       0      0      0      0       0    0   0M
       0       60       0       0       1      0      0      0       0    0   0M
       0      123       0       0       0      0      0      0       0    0   0M
       0      122       0       0       0      0      0      0       0    0   0M
       0      122       0       0       0      0      0      0       0    0   0M
       0      122       0       0       0      0      0      0       0    0   0M
       0      122       0       0       0      0     19      0       0    0   0M
       0      122       0       0       0      0     14      0       0    0   0M
       0      122       0       0       0      0     12      0       0    0   0M
       0      121       0       0       0      0     21      0       0    0   0M
       0      122       0       0       0      0     18      0       0    0   0M
       0      122       0       0       0      0     15      0       0    0   0M
       0      122       0       0       0      0     12      0       0    0   0M
       0      122       0       0       0      0     16      0       0    0   0M
       0      122       0       0       0      0     18      0       0    0   0M
       0      122       0       0       0      0     12      0       0    0   0M
       0      122       0       0       0      0     18      0       0    0   0M
       0      122       0       0       0      0     32      0       0    0   0M
       0      123       0       0       0      0     12      0       0    0   0M
       0      122       0       0       0      0     13      0       0    0   0M
       0      122       0       0       0      0     22      0       0    0   0M
       0      121       0       0       0      0    134      0       0    0   0M
       0        0       0       0       0      0      6      0       0    0   0M
       0        0       0       0       0      0     10      0       0    0   0M
       0        0       0       0       0      0     10      0       0    0   0M
       0        0       0       0       0      0      9      0       0    0   0M
       0        0       0       0       0      0     10      0       0    0   0M
       0        0       0       0       0      0     10      0       0    0   0M
       0        0       0       0       0      0     10      0       0    0   0M
       0        0       0       0       0      0     10      0       0    0   0M
       0        0       0       0       0      0      9      0       0    0   0M
       0        0       0       0       0      0     10      0       0    0   0M
       0        0       0       0       0      0      0      0       0    0   0M
       0        0       0       0       0      0      0      0       0    0   0M
       0        0       0       0       0      0      0      0       0    0   0M
       0        0       0       0       0      0      0      0       0    0   0M
       0        0       0       0       0      0      0      0       0    0   0M
       0        0       0       0       0      0      0      0       0    0   0M
       0        0       0       0       0      0      0      0       0    0   0M
       0        0       0       0       0      0      0      0       0    0   0M
       0        0       0       0       0      0      0      0       0    0   0M
       0        0       0       0       0      0      0      0       0    0   0M
       0        0       0       0       0      0      0      0       0    0   0M
       0        0       0       0       0      0      0      0       0    0   0M
