       0        0       0       0       0      0      0      0       0    0   0M
      61        0       0       0       1      0      0      0       0    0   0M
     122        0       0       0       0      0      0      0       0    0   0M
     122        0       0       0       0      0      0      0       0    0   0M
     122        0       0       0       0      0      0      0       0    0   0M
     122        0       0       0       0      0      0      0       0    0   0M
     122        0       0       0      24      0     20      0       0    0   0M
     122        0       0       0      14      0     14      0       0    0   0M
     122        0       0       0      14      0     14      0       0    0   0M
     122        0       0       0      14      0     21      0       0    0   0M
     122        0       0       0      15      0     20      0       0    0   0M
     122        0       0       0      14      0     12      0       0    0   0M
     122        0       0       0      12      0     12      0       0    0   0M
     122        0       0       0      16      0     16      0       0    0   0M
     122        0       0       0      17      0     23      0       0    0   0M
     123        0       0       0      12      0     12      0       0    0   0M
     122        0       0       0      13      0     19      0       0    0   0M
     122        0       0       0      29      0     29      0       0    0   0M
     122        0       0       0      14      0     12      0       0    0   0M
     122        0       0       0      12      0     13      0       0    0   0M
     122        0       0       0      22      0     17      0       0    0   0M
     122        0       0       0     139      1    114      0       0    0   0M
     122        0       0       0     461     65      7      0       0    0   0M
     122        0       0       0     459     66     10      0       0    0   0M
     122        0       0       0     165     24     10      0       0    0   0M
     122        0       0       0       0      0      9      0       0    0   0M
     122        0       0       0       0      0     10      0       0    0   0M
     122        0       0       0       0      0     10      0       0    0   0M
     122        0       0       0       0      0     10      0       0    0   0M
     123        0       0       0       0      0     10      0       0    0   0M
     122        0       0       0       0      0      9      0       0    0   0M
     122        0       0       0       0      0     10      0       0    0   0M
     122        0       0       0       0      0      0      0       0    0   0M
     122        0       0       0       0      0      0      0       0    0   0M
     122        0       0       0       0      0      0      0       0    0   0M
     122        0       0       0       0      0      0      0       0    0   0M
     122        0       0       0       0      0      0      0       0    0   0M
     122        0       0       0       0      0      0      0       0    0   0M
     122        0       0       0       0      0      0      0       0    0   0M
     122        0       0       0       0      0      0      0       0    0   0M
     122        0       0       0       0      0      0      0       0    0   0M
     122        0       0       0       0      0      0      0       0    0   0M
     122        0       0       0       0      0      0      0       0    0   0M
     122        0       0       0       0      0      0      0       0    0   0M
