       0        0       0       0       0      0      0      0       0    0   0M
       0        0       0       0       0      0      1      0       0    0   0M
       0        0       0       0       0      0      0      0       0    0   0M
       0        0       0       0       0      0      0      0       0    0   0M
       0        0       0       0       0      0      0      0       0    0   0M
       0        0       0       0       0      0      0      0       0    0   0M
       0        0       0       0      19      0     24      0       0    0   0M
       0        0       0       0      14      0     14      0       0    0   0M
       0        0       0       0      12      0     14      0       0    0   0M
       0        0       0       0      21      1     14      0       0    0   0M
       0        0       0       0      18      0     15      0       0    0   0M
       0        0       0       0      15      0     14      0       0    0   0M
       0        0       0       0      12      0     12      0       0    0   0M
       0        0       0       0      16      0     16      0       0    0   0M
       0        0       0       0      18      0     17      0       0    0   0M
       0        0       0       0      12      0     12      0       0    0   0M
       0        0       0       0      19      0     14      0       0    0   0M
       0        0       0       0      32      0     29      0       0    0   0M
       0        0       0       0      12      0     14      0       0    0   0M
       0        0       0       0      13      0     12      0       0    0   0M
       0        0       0       0      21      0     22      0       0    0   0M
       0        0       0       0     135      0    141      0       0    0   0M
       0        0       0       0       0      0    461      0       0    0   0M
       0        0       0       0       0      0    460      0       0    0   0M
       0        0       0       0       0      0    207      0       0    0   0M
       0        0       0       0       0      0     40      0       0    0   0M
       0        0       0       0       0      0     40      0       0    0   0M
       0        0       0       0       0      0     40      0       0    0   0M
       0        0       0       0       0      0     40      0       0    0   0M
       0        0       0       0       0      0     40      0       0    0   0M
       0        0       0       0       0      0     40      0       0    0   0M
       0        0       0       0       0      0     40      0       0    0   0M
       0        0       0       0       0      0      0      0       0    0   0M
       0        0       0       0       0      0      0      0       0    0   0M
       0        0       0       0       0      0      0      0       0    0   0M
       0        0       0       0       0      0      0      0       0    0   0M
       0        0       0       0       0      0      0      0       0    0   0M
       0        0       0       0       0      0      0      0       0    0   0M
       0        0       0       0       0      0      0      0       0    0   0M
       0        0       0       0       0      0      0      0       0    0   0M
       0        0       0       0       0      0      0      0       0    0   0M
       0        0       0       0       0      0      0      0       0    0   0M
       0        0       0       0       0      0      0      0       0    0   0M
       0        0       0       0       0      0      0      0       0    0   0M
